0 0
18 -6
46 -6
68 -5
98 1
100 -6
117 1
182 4
183 1
197 4
203 4
233 -1
243 -5
245 2
252 3
264 -3
266 2
270 5
277 4
279 -4
289 4
364 2
389 1
410 1
418 1
419 -4
420 1
425 1
433 -7
453 1
469 3
476 2
501 3
502 2
509 -6
525 -6
560 1
562 3
582 1
594 1
595 4
598 0
601 1
604 4
629 -3
632 1
646 2
647 4
651 3
663 -3
753 4
792 4
823 0
824 0
825 0
826 0
827 0
828 0
829 0
830 0
831 0
832 0
833 0
834 0
835 0
836 0
837 0
838 0
839 0
840 0
841 0
842 0
843 0
844 0
845 0
846 0
847 0
848 0
849 0
850 0
851 0
852 0
